[ 0.11721068  0.01879327  0.05473129  0.02736564  0.00692384  0.02703594
  0.0553907   0.01186944  0.02703594  0.07039235  0.03297066  0.00642928
  0.01203429  0.02390373  0.0148368   0.00098912  0.12710188  0.16238048
  0.09264754  0.10995714]
[ 0.10392683  0.01860905  0.05109604  0.02586343  0.00914682  0.00583504
  0.07333228  0.00220785  0.02586343  0.14761079  0.02270935  0.00583504
  0.05535405  0.02791358  0.01435105  0.00220785  0.13357515  0.07995584
  0.10976187  0.08484466]
[ 0.10349345  0.01717613  0.04832606  0.02416303  0.0084425   0.02387191
  0.14206696  0.01048035  0.02387191  0.06215429  0.10378457  0.00567686
  0.01106259  0.02110626  0.01310044  0.00203785  0.12212518  0.06885007
  0.08180495  0.10640466]
[ 0.10780895  0.01728582  0.05034117  0.02517058  0.00879454  0.02486732
  0.07035633  0.01091736  0.02486732  0.06459439  0.10796058  0.00561031
  0.01167551  0.02198635  0.0136467   0.03972707  0.12721759  0.071721
  0.08582259  0.10962851]
[ 0.03391193  0.08486017  0.01253616  0.00048216  0.00932176  0.00626808
  0.03471553  0.08453873  0.02635808  0.10945034  0.15043394  0.00626808
  0.0008036   0.00273224  0.0144648   0.00353584  0.1348441   0.07602057
  0.09096753  0.11748634]
[ 0.10552093  0.01691897  0.05164737  0.02463639  0.01810626  0.02433957
  0.06886316  0.01068566  0.02433957  0.04496883  0.10566934  0.00578807
  0.01142772  0.02151974  0.01335708  0.00207777  0.12436925  0.14173345
  0.08459484  0.09943603]
[ 0.09706001  0.01154517  0.04483823  0.02241912  0.0743724   0.02228487
  0.06067929  0.00134246  0.0177205   0.05947107  0.06980803  0.00469862
  0.03812592  0.0194657   0.0461807   0.00134246  0.11585448  0.11921063
  0.07544637  0.09813398]
[ 0.10674157  0.09314015  0.04908338  0.02587226  0.00857481  0.03370787
  0.06859846  0.01064459  0.02424601  0.06312833  0.10526316  0.02409817
  0.0113838   0.02143702  0.05115316  0.00088705  0.12403903  0.06992904
  0.07924305  0.0288291 ]
[ 0.02549091  0.07610684  0.00951336  0.0003659   0.00707403  0.00573241
  0.08781559  0.00951336  0.02012441  0.03232101  0.08537627  0.03598
  0.10501281  0.11513599  0.01073302  0.00121966  0.10525674  0.12428345
  0.06939871  0.07354555]
[ 0.11804082  0.00881633  0.05681633  0.0282449   0.00946939  0.00636735
  0.03395918  0.00228571  0.02677551  0.03020408  0.07967347  0.01681633
  0.04522449  0.02367347  0.01485714  0.00228571  0.13812245  0.15657143
  0.09306122  0.10873469]
[ 0.10432425  0.0168403   0.04738119  0.0236906   0.00827744  0.02340517
  0.06621949  0.08334523  0.02340517  0.06093906  0.10161267  0.00670758
  0.01098901  0.02097902  0.01298701  0.00428143  0.08363066  0.14314257
  0.02625945  0.1315827 ]
[ 0.10703222  0.01796778  0.01208178  0.002943    0.00960347  0.00604089
  0.03221809  0.00216853  0.02788104  0.06583024  0.1452912   0.08534696
  0.03980793  0.02741636  0.01394052  0.00092937  0.12995663  0.07326518
  0.08705081  0.113228  ]
[ 0.08825274  0.01690893  0.0495402   0.0247701   0.00860279  0.06229605
  0.06882231  0.          0.02447345  0.05858796  0.07964996  0.00103827
  0.04227232  0.02269356  0.01038268  0.00088994  0.12563038  0.15114209
  0.0272916   0.13675467]
[ 0.03336995  0.08624004  0.0810217   0.00041197  0.00357045  0.00755287
  0.06371876  0.00192255  0.02252129  0.02320791  0.12853612  0.00645427
  0.0358418   0.05506729  0.01208459  0.03652843  0.08335622  0.13993408
  0.0782752   0.10038451]
[ 0.09698452  0.01858191  0.05281174  0.02722086  0.00945395  0.02689487
  0.07563162  0.00130399  0.02803586  0.02787286  0.11605542  0.00619397
  0.00211899  0.02363488  0.00423798  0.000978    0.13675632  0.07709861
  0.11246944  0.15566422]
[ 0.10450997  0.01705695  0.04799075  0.0332466   0.02688638  0.02370627
  0.06707141  0.01040763  0.02370627  0.06172304  0.07762359  0.00101185
  0.03888407  0.02211622  0.01358774  0.0008673   0.12243423  0.14729691
  0.02659728  0.13327551]
[ 0.03387925  0.1009955   0.01252408  0.0004817   0.00931278  0.00626204
  0.03982017  0.04849069  0.02633269  0.04784843  0.10918433  0.00626204
  0.04190751  0.02328195  0.01445087  0.00096339  0.12556198  0.15333976
  0.09152216  0.10757868]
[ 0.07342367  0.01576327  0.04535398  0.02309181  0.04341814  0.02267699
  0.06443584  0.00110619  0.09347345  0.05904314  0.07411504  0.00096792
  0.0371958   0.02115597  0.01299779  0.00082965  0.11711836  0.14090155
  0.02544248  0.12748894]
[ 0.09681307  0.01580075  0.04445635  0.03200321  0.02169255  0.0230316
  0.04499197  0.00107124  0.02196036  0.05690948  0.12734333  0.0689609
  0.04673273  0.01928227  0.01633637  0.00187467  0.11234601  0.13644885
  0.02276379  0.0891805 ]
[ 0.08458914  0.01620699  0.04606198  0.02374183  0.00824566  0.02331533
  0.06624964  0.00113733  0.02331533  0.06070515  0.07620131  0.00099517
  0.03824282  0.0945408   0.01336366  0.000853    0.12041513  0.14486779
  0.02615866  0.13079329]
[ 0.11375079  0.01856514  0.05223411  0.02611705  0.00424795  0.02580239
  0.07331655  0.01132788  0.02595972  0.06718062  0.11202014  0.00613593
  0.09266834  0.02281309  0.01919446  0.00094399  0.13200126  0.07441787
  0.08936438  0.03193833]
[ 0.09873629  0.01666435  0.04624358  0.02652409  0.006388    0.02069157
  0.06901819  0.00194417  0.02499653  0.0598528   0.09109846  0.00097209
  0.04874323  0.02457992  0.01263713  0.00194417  0.11748368  0.13262047
  0.10581864  0.09304263]
[ 0.11353643  0.01853015  0.05213568  0.02606784  0.00910804  0.02606784
  0.07286432  0.01130653  0.02575377  0.06265704  0.11180905  0.00612437
  0.01209171  0.02779523  0.01413317  0.00094221  0.13175251  0.07427764
  0.08825377  0.11479271]
[ 0.03412245  0.12342857  0.01273469  0.00016327  0.00946939  0.00636735
  0.03412245  0.08604082  0.00718367  0.02759184  0.14236735  0.00636735
  0.05306122  0.0235102   0.01273469  0.02187755  0.10416327  0.11412245
  0.03004082  0.15053061]
[ 0.08628641  0.01383495  0.07160194  0.00230583  0.06917476  0.02026699
  0.02572816  0.00121359  0.02779126  0.08264563  0.11359223  0.02026699
  0.0336165   0.01759709  0.01480583  0.06383495  0.11832524  0.06152913
  0.08252427  0.07305825]
[ 0.03351334  0.03875476  0.05273189  0.02636595  0.0092122   0.02604828
  0.07369759  0.01143583  0.02604828  0.06782084  0.11308767  0.04685515
  0.01222999  0.0230305   0.01429479  0.01111817  0.13325921  0.07512706
  0.08926302  0.11610546]
[ 0.13749824  0.01607672  0.05133268  0.02453815  0.00817938  0.02312791
  0.06543506  0.01015372  0.09533211  0.06021718  0.10040897  0.00549993
  0.01085884  0.02044846  0.00380764  0.00084614  0.118319    0.06670427
  0.07925539  0.10196023]
[ 0.10255191  0.01806942  0.05262324  0.02631162  0.00887621  0.0253606
  0.07354573  0.01141227  0.02615311  0.06768109  0.11285465  0.00618165
  0.01220479  0.02298304  0.01933745  0.00095102  0.13298463  0.07497226
  0.08907909  0.11586622]
[ 0.02578655  0.07698951  0.00962369  0.03195558  0.00715608  0.00481184
  0.02566317  0.01159778  0.02233189  0.03269587  0.08389883  0.03639729
  0.10623072  0.11647131  0.01480568  0.00123381  0.10647748  0.12560148
  0.0700802   0.09019124]
[ 0.11038168  0.01923664  0.01160305  0.02534351  0.00885496  0.06412214
  0.07221374  0.05007634  0.02503817  0.02610687  0.08061069  0.0010687
  0.00198473  0.02335878  0.03328244  0.00030534  0.12931298  0.15557252
  0.02320611  0.13832061]
[ 0.0801131   0.0153494   0.03608456  0.02248553  0.00780934  0.02208159
  0.04524034  0.07001481  0.02208159  0.06611014  0.07216911  0.06988017
  0.0362192   0.02060051  0.01279117  0.00080786  0.11404336  0.1372021
  0.02477447  0.12414165]
[ 0.03207998  0.09370337  0.01163832  0.02014324  0.00865413  0.00581916
  0.03222919  0.07848403  0.02447031  0.03476574  0.1396598   0.00581916
  0.0389436   0.02342584  0.01342883  0.00208893  0.12623098  0.123396
  0.08504924  0.09997016]
[ 0.07680392  0.01471537  0.0428553   0.02155673  0.00748677  0.02943075
  0.05163289  0.00103266  0.02116948  0.12120821  0.06918807  0.0174261
  0.03472312  0.08583968  0.01213373  0.00090358  0.10933264  0.13153479
  0.02375113  0.12727507]
[ 0.10717516  0.0171842   0.05004522  0.02019897  0.04733193  0.02713295
  0.06994272  0.01085318  0.02472113  0.06436539  0.1073259   0.00587881
  0.01160687  0.0218571   0.01356648  0.00090443  0.1264697   0.06888755
  0.09436238  0.11018993]
[ 0.09750411  0.03387274  0.04991772  0.09284147  0.01453648  0.0224904
  0.06363138  0.00137137  0.02276467  0.04100384  0.07350521  0.00095996
  0.03894679  0.01988481  0.01289084  0.00082282  0.12493143  0.10463522
  0.09325288  0.09023587]
[ 0.1189536   0.01875617  0.05988812  0.02731162  0.00954261  0.02698256
  0.0763409   0.011846    0.02698256  0.02813425  0.11977624  0.00641658
  0.01266864  0.02385653  0.0148075   0.00098717  0.12750905  0.07650543
  0.09246463  0.12026983]
[ 0.09327481  0.01787114  0.05204578  0.02617965  0.00877881  0.02570936
  0.07273867  0.00125412  0.03574228  0.06662486  0.1122433   0.00611381
  0.01191409  0.02304436  0.01410879  0.00235147  0.13199561  0.11961122
  0.02884465  0.14955322]
[ 0.14014827  0.0168235   0.0473339   0.06016538  0.00798403  0.02352438
  0.07071571  0.01026518  0.02338181  0.06087824  0.07641859  0.000998
  0.00185344  0.02181352  0.01340177  0.00085543  0.12075848  0.14499572
  0.02623325  0.13145138]
[ 0.03048692  0.09073833  0.0852478   0.00043346  0.00606849  0.02384049
  0.03005346  0.04768097  0.023696    0.05765063  0.07513365  0.00072244
  0.03872273  0.02542985  0.01358185  0.03727785  0.12469296  0.12873862
  0.02658575  0.13321774]
[ 0.13241758  0.02307692  0.06080586  0.03040293  0.01062271  0.03003663
  0.03809524  0.01318681  0.03003663  0.07820513  0.13040293  0.00714286
  0.01336996  0.00311355  0.01648352  0.0010989   0.153663    0.08663004
  0.1040293   0.03717949]
[ 0.10485896  0.01654113  0.04785113  0.02451632  0.00856594  0.02422094
  0.06852754  0.01063358  0.02422094  0.06306306  0.10515433  0.00575986
  0.07576429  0.02141486  0.01329198  0.00088613  0.1239108   0.06985674
  0.08300103  0.10796042]
[ 0.11138963  0.01785994  0.05232649  0.02600658  0.0087733   0.02600658
  0.07269309  0.01127996  0.02584991  0.06689644  0.03133323  0.0888297
  0.01237663  0.02020993  0.01409995  0.00094     0.1314429   0.0791164
  0.08804637  0.11452295]
[ 0.11647446  0.01878089  0.05469522  0.02734761  0.00955519  0.00593081
  0.07644152  0.01186161  0.00593081  0.07034596  0.11729819  0.00642504
  0.01268534  0.02388797  0.0121911   0.00098847  0.13822076  0.07792422
  0.09258649  0.12042834]
[ 0.01274677  0.01772113  0.0503653   0.02595989  0.00901601  0.02549355
  0.07212809  0.00124359  0.00559614  0.14596611  0.08394217  0.00108814
  0.04181564  0.02378362  0.01461216  0.00590704  0.13166485  0.15840199
  0.02922431  0.14332349]
[ 0.08558688  0.01754891  0.04818757  0.02402186  0.00834292  0.02359033
  0.06674338  0.01035673  0.02387802  0.06142117  0.10241657  0.0056099
  0.08472382  0.06688723  0.01294591  0.00086306  0.1206847   0.06803797
  0.08084005  0.087313  ]
[ 0.03300166  0.01956882  0.05522388  0.02769486  0.00961857  0.02719735
  0.07694859  0.00165837  0.02719735  0.0708126   0.11807629  0.00646766
  0.01276949  0.02404643  0.01492537  0.00033167  0.13913765  0.07844113
  0.13565506  0.1212272 ]
[ 0.03222484  0.0924073   0.01147734  0.00103002  0.01559741  0.02427899
  0.06827546  0.00029429  0.02413184  0.05871101  0.0765156   0.00294291
  0.03943496  0.02589759  0.0891701   0.03811065  0.12448499  0.13110653
  0.00824014  0.13566804]
[ 0.07071547  0.01354885  0.03945805  0.08069884  0.00309009  0.04991681
  0.11599715  0.0009508   0.01949132  0.05074875  0.06370335  0.00083195
  0.09282149  0.01818398  0.01069646  0.01592584  0.10066556  0.12110768
  0.02186831  0.10957927]
[ 0.0363605   0.14130622  0.01344132  0.00120627  0.00723764  0.02843357
  0.07995864  0.00172325  0.02826124  0.06875754  0.08960882  0.00637601
  0.04618301  0.03170774  0.01619852  0.04445976  0.14595899  0.15354127
  0.03205239  0.0272273 ]
[ 0.10096481  0.01549124  0.04946324  0.0237804   0.00625085  0.00611496
  0.06753635  0.00203832  0.02445985  0.0601984   0.08914255  0.00095122
  0.0476967   0.02405218  0.01236581  0.00190243  0.1146895   0.12977307
  0.09349096  0.12963718]
[ -56.18 -283.87  -83.55   28.91  -92.11 -130.03 -144.12   13.21  -50.11
  -20.78  -28.84  -81.71   72.18 -163.09  -35.91    2.65  -39.16  -33.96
  -65.26   24.88  -24.19   -7.69 -134.04  -71.3   -62.96  -34.46  -19.33
  -43.53 -206.71  -50.73  -59.18 -145.19  -94.98    7.6  -103.82  -71.67
 -100.49  -29.88  109.28  -19.44  -16.15  -23.92  -88.24   82.51  -41.46
  128.26  -26.61  -36.16  -51.18  -14.24]
