[ 0.04059181  0.08788569  0.03313101  0.0447648   0.00354072  0.01289833
  0.11557916  0.0016439   0.00973698  0.01163379  0.08700051  0.01896813
  0.02301467  0.09028832  0.00758725  0.00948407  0.1121649   0.11697016
  0.04413252  0.12898331]
[ 0.07446697  0.05587648  0.03266464  0.06469909  0.02919861  0.09295242
  0.0149144   0.03445016  0.01648986  0.02226657  0.09914925  0.01533452
  0.06585443  0.06742989  0.02520744  0.00808739  0.10650142  0.0400168
  0.04253755  0.09190211]
[ 0.04439772  0.11748701  0.03648281  0.01224338  0.01731388  0.00074202
  0.12416522  0.00383379  0.03907989  0.03116498  0.03005194  0.00729656
  0.07098689  0.09423695  0.00519416  0.02832055  0.08162256  0.1192184
  0.01372743  0.12243384]
[ 0.02423354  0.06086564  0.09186204  0.04080252  0.03009468  0.00439585
  0.0462128   0.00146528  0.03032011  0.01318756  0.10820559  0.00202885
  0.06424707  0.07957619  0.04869252  0.01228584  0.11429216  0.08983318
  0.03302525  0.10437331]
[ 0.01111459  0.03866625  0.0410144   0.01534126  0.0870382   0.01064496
  0.02035066  0.01142768  0.02457733  0.01252348  0.10770194  0.02348153
  0.1086412   0.10425798  0.02755166  0.00015654  0.13838447  0.07498435
  0.0025047   0.13963682]
[ 0.06201349  0.0690192   0.06499741  0.01167618  0.00350285  0.00077841
  0.1185781   0.00064868  0.00998962  0.04411002  0.08925791  0.02361183
  0.03204463  0.08432797  0.0238713   0.00142709  0.11507525  0.12830825
  0.00285418  0.11390763]
[ 0.09249218  0.04567258  0.03232534  0.01074035  0.01459854  0.03065693
  0.10469239  0.05662148  0.02794578  0.02294056  0.02200209  0.00271116
  0.05651721  0.07945777  0.06704901  0.02429614  0.09551616  0.10312826
  0.0080292   0.10260688]
[ 0.00882755  0.08628621  0.10120602  0.00522193  0.0333209   0.00472461
  0.11363919  0.06552281  0.06527415  0.01143852  0.08554022  0.01864976
  0.0227527   0.08852418  0.02287704  0.00932488  0.07845331  0.05744125
  0.01380082  0.10717394]
[ 0.05378886  0.05177917  0.0348741   0.01134886  0.0328644   0.07435867
  0.06076368  0.00153682  0.01856011  0.00993025  0.10970564  0.00212791
  0.06643811  0.08724436  0.0520156   0.01241281  0.10544982  0.11549829
  0.00496513  0.09433739]
[ 0.10554052  0.08161231  0.0395955   0.00498504  0.01994018  0.00199402
  0.07021792  0.00327589  0.05640222  0.03133457  0.03446802  0.00826093
  0.08175474  0.03560746  0.0410198   0.10525566  0.0940037   0.06551773
  0.01467027  0.10454351]
[ 0.05064204  0.00288559  0.0725725   0.01067667  0.00389554  0.00981099
  0.01875631  0.01053239  0.09637859  0.01269658  0.09926418  0.01933343
  0.02625884  0.10647814  0.04386091  0.01514933  0.12869716  0.14269225
  0.01543789  0.11398067]
[ 0.11661631  0.06429003  0.03371601  0.01160121  0.00265861  0.07214502
  0.08725076  0.00930514  0.02283988  0.01015106  0.08314199  0.00217523
  0.08338369  0.08821752  0.01740181  0.0163142   0.10682779  0.06151057
  0.00241692  0.10803625]
[ 0.11777226  0.08182571  0.05924087  0.02388554  0.01832801  0.00827717
  0.01549013  0.00851366  0.0185645   0.01087856  0.08135273  0.01773679
  0.08277167  0.0721296   0.05108194  0.01288873  0.10571125  0.11410666
  0.00508455  0.0943597 ]
[ 0.06703051  0.00419815  0.03848307  0.0145536   0.00055975  0.07234817
  0.07192835  0.01063532  0.06003359  0.02966695  0.10075567  0.00825637
  0.09655751  0.08480269  0.00447803  0.01049538  0.11586902  0.08396306
  0.0072768   0.11810803]
[ 0.01039836  0.02680141  0.03837141  0.01552431  0.00175747  0.02431166
  0.11511424  0.00190393  0.03002343  0.01347393  0.10076157  0.02196837
  0.02665495  0.10427651  0.02694786  0.01098418  0.12990627  0.14484476
  0.01127709  0.1446983 ]
[ 0.0009362   0.02447506  0.0347733   0.08158352  0.03584325  0.00508225
  0.12224154  0.00066872  0.01029825  0.0123044   0.09201551  0.05429985
  0.02006152  0.09549284  0.03316838  0.01003076  0.11863047  0.1322723
  0.00267487  0.11314698]
[ 0.03209629  0.09585901  0.03997707  0.02321249  0.00386875  0.00974352
  0.01719444  0.00902708  0.04757129  0.03094999  0.03481874  0.04499212
  0.08138702  0.10058748  0.00487176  0.03223958  0.09456942  0.13927497
  0.01590486  0.14185413]
[ 0.0250409   0.05511514  0.03699509  0.06077765  0.01774254  0.000755
  0.09009689  0.00352334  0.00553668  0.0280609   0.07864603  0.02290172
  0.11123694  0.09185856  0.00213917  0.01333837  0.12809865  0.12231031
  0.00541085  0.10041525]
[ 0.0800216   0.05831533  0.03012959  0.01036717  0.00237581  0.06447084
  0.06933045  0.00831533  0.01695464  0.02289417  0.10194384  0.0161987
  0.01965443  0.10388769  0.08207343  0.02192225  0.09578834  0.10550756
  0.00215983  0.08768898]
[ 0.0086501   0.08467349  0.03192008  0.01193957  0.00146199  0.00462963
  0.11135478  0.00158382  0.00938109  0.01133041  0.08382066  0.03338207
  0.06846979  0.08991228  0.05263158  0.07468324  0.10891813  0.08930312
  0.00523879  0.1167154 ]
[ 0.07909906  0.05678907  0.03405209  0.06511529  0.00245517  0.09532451
  0.01515798  0.00811272  0.01675918  0.0089667   0.10098207  0.00192143
  0.06682323  0.06853117  0.01558497  0.00821947  0.10824082  0.09532451
  0.08998719  0.06255337]
[ 0.02151817  0.10272491  0.10099481  0.06650087  0.00129758  0.00021626
  0.10856401  0.00302768  0.00475779  0.02400519  0.08142301  0.01967993
  0.08823529  0.07720588  0.00183824  0.01146194  0.09656142  0.10683391
  0.00486592  0.0782872 ]
[ 0.04611156  0.07125407  0.02799267  0.06188925  0.05252443  0.08764251
  0.06535016  0.00783795  0.01435261  0.02239414  0.07654723  0.0132329
  0.01526873  0.07267915  0.07003257  0.01089169  0.09028909  0.10067182
  0.00203583  0.09100163]
[ 0.01204002  0.03103273  0.04425979  0.00576564  0.00203493  0.00644395
  0.15228082  0.00220451  0.02391046  0.01424453  0.01899271  0.01000509
  0.11700865  0.10276412  0.04883839  0.01271833  0.14074953  0.10242496
  0.00881804  0.14346278]
[ 0.00923501  0.02522398  0.04162646  0.01350793  0.00055134  0.00523777
  0.12377671  0.00206754  0.08118539  0.01268091  0.09483115  0.0206754
  0.02508615  0.10282564  0.09593384  0.0103377   0.04948312  0.13397657
  0.01529979  0.13645762]
[ 0.03021561  0.14424537  0.02490131  0.01488005  0.01943517  0.00273307
  0.07470392  0.0142727   0.04069238  0.03340419  0.03689645  0.00880656
  0.08715457  0.11569997  0.00516247  0.03416338  0.10021257  0.07607045
  0.00303674  0.13331309]
[ 0.08166208  0.0574125   0.03853716  0.0129768   0.01835103  0.00078647
  0.13370035  0.01140385  0.03512911  0.02883733  0.0234631   0.00760257
  0.07523922  0.09988203  0.00498099  0.02949273  0.08664307  0.12740857
  0.01350111  0.11298991]
[ 0.01984127  0.02645503  0.05261611  0.01455026  0.00411523  0.00323339
  0.14285714  0.0042622   0.03938859  0.03233392  0.03571429  0.0085244
  0.08436214  0.11199295  0.00499706  0.03306878  0.09700176  0.14285714
  0.01631393  0.1255144 ]
[ 0.03038712  0.06188428  0.00527265  0.01373664  0.01942556  0.00527265
  0.14152907  0.00430137  0.03718607  0.03052588  0.03371722  0.00777022
  0.02525323  0.09907035  0.09657278  0.01040655  0.12085472  0.13708894
  0.00291383  0.11683086]
[ 0.00999859  0.06182228  0.04590903  0.01380087  0.01070272  0.00549218
  0.11054781  0.00183073  0.01084354  0.01182932  0.09745106  0.02084213
  0.08097451  0.0892832   0.00760456  0.06773694  0.09745106  0.10083087
  0.0156316   0.13941698]
[ 0.09982487  0.08891284  0.03960663  0.04782433  0.0188603   0.0008083
  0.06466388  0.00417621  0.04257039  0.02963761  0.03273609  0.00781355
  0.02451839  0.09618753  0.02478782  0.00363734  0.1189546   0.13323454
  0.00296376  0.11828102]
[ 0.02365349  0.04484948  0.03184518  0.06307598  0.00225271  0.09062052
  0.00153594  0.00737252  0.01525701  0.07413475  0.09666189  0.00839648
  0.06491911  0.06573828  0.01863608  0.0078845   0.10382961  0.09164448
  0.08672947  0.10096252]
[ 0.10602556  0.0533171   0.03578819  0.00036519  0.01825928  0.10383445
  0.01777237  0.00109556  0.02592818  0.01923311  0.09933049  0.06451613
  0.0686549   0.08691418  0.00279976  0.04455265  0.06987219  0.07948874
  0.0051126   0.09713938]
[ 0.0888154   0.02598323  0.00649581  0.0718082   0.01606236  0.00070863
  0.11857801  0.00366127  0.03117987  0.02976261  0.02680997  0.01440888
  0.06779261  0.08976025  0.00401559  0.08704382  0.07794969  0.11668832
  0.01310972  0.10936577]
[ 0.02492716  0.04726449  0.03172548  0.00377684  0.01510737  0.00043164
  0.10855725  0.0077695   0.01694184  0.07812669  0.10186684  0.06409841
  0.06755153  0.07618431  0.01920794  0.00830905  0.05417071  0.09463688
  0.08503291  0.09431315]
[ 0.08830521  0.07844069  0.03684336  0.07226052  0.00261469  0.10518184
  0.01568814  0.00368434  0.03208937  0.0261469   0.02888044  0.02210601
  0.08343237  0.09056335  0.01925362  0.02674115  0.02139292  0.11552175
  0.0131923   0.11766104]
[ 0.0877071   0.08017611  0.03417912  0.07044375  0.07670027  0.10253737
  0.01645232  0.00729927  0.03105086  0.02548951  0.02815433  0.00671996
  0.00625652  0.08272506  0.02143436  0.00127448  0.10276909  0.11458695
  0.00231723  0.10172634]
[ 0.04559118  0.0503006   0.02625251  0.04839679  0.01643287  0.03426854
  0.1006012   0.00881764  0.01533066  0.02124248  0.09298597  0.00501002
  0.06272545  0.06432866  0.04348697  0.00771543  0.1         0.08947896
  0.07905812  0.08797595]
[ 0.07783535  0.07507196  0.0353483   0.01105354  0.01704088  0.01070812
  0.10270581  0.01255037  0.01980426  0.05503742  0.08716177  0.02095567
  0.03523316  0.08128958  0.0244099   0.01393207  0.11675302  0.09867588
  0.00333909  0.10109384]
[ 0.03015608  0.06091832  0.00575845  0.01500227  0.02000303  0.00075769
  0.14244583  0.00333384  0.04000606  0.03333838  0.03682376  0.00393999
  0.03727838  0.10092438  0.03758145  0.01378997  0.13441431  0.14987119
  0.00303076  0.13062585]
[ 0.1141124   0.07565526  0.03193316  0.0695891   0.04646904  0.07199267
  0.07462516  0.0108733   0.04532448  0.02518027  0.02781275  0.0357102
  0.01419251  0.08721529  0.0038915   0.02575255  0.0755408   0.08195033
  0.01270459  0.06947465]
[ 0.09260486  0.04834437  0.03245033  0.01092715  0.01545254  0.01545254
  0.11258278  0.0598234   0.02958057  0.02428256  0.08333333  0.02064018
  0.06688742  0.07350993  0.00375276  0.08134658  0.07262693  0.10728477
  0.00518764  0.04392936]
[ 0.1005327   0.0494163   0.033322    0.01122067  0.04499603  0.033322
  0.11402017  0.00351354  0.03400204  0.02493483  0.02028788  0.0138275
  0.09418565  0.07911141  0.0183611   0.01462088  0.07571121  0.11390683
  0.00872719  0.11198005]
[ 0.09383754  0.04718811  0.03167421  0.03824607  0.01529843  0.00064641
  0.09437621  0.0033398   0.02887309  0.02370179  0.0261797   0.06140918
  0.06184012  0.10967464  0.03210515  0.02424047  0.07110537  0.10471881
  0.02574876  0.10579616]
[ 0.02480678  0.05459985  0.04674645  0.07579157  0.00274246  0.11032162
  0.01782598  0.00897532  0.01857392  0.02842184  0.10172027  0.00224383
  0.07030666  0.07504363  0.03527799  0.10944902  0.08750935  0.12328596
  0.00511094  0.00124657]
[ 0.09472304  0.02753196  0.0042609   0.09089916  0.01638807  0.06522452
  0.01595105  0.00841254  0.01715285  0.02272479  0.10313558  0.00207582
  0.06839288  0.05615645  0.01769912  0.00841254  0.11078335  0.09778215
  0.06435049  0.10794275]
[ 0.09340729  0.08092777  0.03806883  0.02836254  0.01777386  0.01689147
  0.12655994  0.00390773  0.03378293  0.02773226  0.03063154  0.00731123
  0.02294214  0.09000378  0.02319425  0.00894996  0.11168536  0.1246691
  0.00252111  0.11067692]
[ 0.02026468  0.04507858  0.03215467  0.06286187  0.00206782  0.09170802
  0.01385443  0.02067825  0.04270058  0.07485525  0.09801489  0.00186104
  0.06472291  0.0672043   0.02502068  0.04766336  0.0519024   0.09150124
  0.08147229  0.06441274]
[ 0.05721864  0.08462802  0.04029304  0.04446129  0.00277883  0.11178477
  0.02576734  0.03599848  0.03284072  0.03208286  0.03069344  0.00732601
  0.07250221  0.03157762  0.01237843  0.05873437  0.0651762   0.11468991
  0.01402046  0.12504737]
[ 0.08388845  0.0783561   0.09100147  0.02562945  0.01580671  0.00067743
  0.10974371  0.00620978  0.08806594  0.02483911  0.02630688  0.00293553
  0.02054872  0.08422716  0.02077453  0.00846788  0.09969516  0.11143728
  0.0022581   0.09913063]
[ -99.94   20.98   10.98  -21.2    -8.37   17.14   11.54 -118.84  -64.56
 -136.68    3.38  -59.21   48.42 -102.56 -133.83 -137.63 -142.81   19.89
  -18.55  -59.47   -2.22 -134.61  -76.3   -61.86  -33.36  -28.29   54.59
   26.51   72.85  -23.42 -317.35   43.1   -72.41 -100.32  -86.59  158.68
  -52.97  -90.31    5.31  -21.82  -18.19 -170.75  -64.79  -80.74   -1.71
  -38.4   -59.     -6.03  -87.46 -218.35]
