[ 0.03245582  0.0764515   0.10169492  0.00901551  0.03762471  0.02680611
  0.07873542  0.00444765  0.00601034  0.00697199  0.09207837  0.07164323
  0.07693232  0.07777377  0.00841447  0.02524342  0.02380094  0.10914773
  0.02199784  0.11275394]
[ 0.03559281  0.00753158  0.01469874  0.01652089  0.00327988  0.03073372
  0.05017007  0.01724976  0.00085034  0.10058309  0.04348882  0.08758503
  0.08102527  0.0787172   0.00133625  0.01834305  0.1164966   0.11625364
  0.05551506  0.12402818]
[ 0.05557725  0.01587921  0.0765326   0.07575166  0.01236496  0.02876481
  0.02277756  0.00455551  0.          0.01093323  0.09957048  0.02746323
  0.09605623  0.08720552  0.02993622  0.03175843  0.09931017  0.08720552
  0.02407914  0.11427828]
[ 0.03357664  0.03211679  0.06614262  0.00741157  0.0064009   0.02459293
  0.10140371  0.03312746  0.          0.06378439  0.07175744  0.0665918
  0.07636159  0.07265581  0.0222347   0.00920831  0.07254351  0.10499719
  0.04053902  0.09455362]
[ 0.0456079   0.02261652  0.06497563  0.02474072  0.01936774  0.00374859
  0.08584281  0.00474822  0.          0.06947395  0.12782706  0.00912158
  0.08634262  0.08084468  0.0279895   0.02673997  0.02574035  0.11108334
  0.04110958  0.12207922]
[ 0.04361932  0.01514059  0.06296563  0.06945446  0.00732997  0.01862533
  0.08255227  0.00180245  0.00144196  0.00720981  0.0689738   0.10201875
  0.12016342  0.07702475  0.02391252  0.00240327  0.08555636  0.08579668
  0.01886566  0.10514299]
[ 0.0552894   0.00595623  0.10941344  0.00958177  0.00789849  0.02887479
  0.05787906  0.00297812  0.00038845  0.10721222  0.06500065  0.02706202
  0.02006992  0.08390522  0.0677198   0.01955199  0.06590703  0.11705296
  0.02473132  0.12352713]
[ 0.04508881  0.00941248  0.01836952  0.02064673  0.00166996  0.03840899
  0.06269926  0.02125399  0.00075907  0.00941248  0.0192804   0.09002581
  0.11173524  0.09822377  0.03491726  0.02687111  0.03613177  0.13192652
  0.07059359  0.15257325]
[ 0.03912481  0.01358051  0.09096788  0.00722138  0.00614357  0.01670619
  0.07404613  0.06025005  0.00043113  0.07544729  0.0825609   0.06391464
  0.0724294   0.01411942  0.02134081  0.00883811  0.07738737  0.10056047
  0.0665014   0.10842854]
[ 0.03480386  0.00721685  0.09847515  0.02258177  0.00663485  0.0259574
  0.10976603  0.06413689  0.00465604  0.01408451  0.07438017  0.06890932
  0.07822139  0.07507857  0.02316378  0.00186241  0.08671866  0.08311023
  0.01815854  0.10208358]
[ 0.09909358  0.07704557  0.04042136  0.00808427  0.0033072   0.05744733
  0.06847134  0.00257227  0.          0.00146987  0.07520823  0.0111465
  0.06896129  0.08500735  0.02425282  0.0100441   0.08794708  0.11428221
  0.0422587   0.12297893]
[ 0.03542054  0.00822499  0.11090475  0.07667816  0.00437782  0.02958344
  0.1250995   0.00517379  0.00451048  0.00742903  0.0847705   0.07866808
  0.08914832  0.08689308  0.02785885  0.02852215  0.03064473  0.03780844
  0.0041125   0.12417087]
[ 0.03850582  0.01432775  0.04413458  0.04119227  0.06882436  0.0612767
  0.02238711  0.00498913  0.00102341  0.08903671  0.08174491  0.01036203
  0.09210695  0.11538954  0.00345401  0.02737623  0.06332353  0.08340796
  0.0218754   0.11526161]
[ 0.09063478  0.01419312  0.11220384  0.02972731  0.00301743  0.02782745
  0.01028163  0.04894949  0.00212338  0.09275816  0.04179705  0.06627179
  0.08527045  0.10113992  0.01016987  0.02492177  0.05531962  0.07286544
  0.01955744  0.09097005]
[ 0.04329352  0.01240239  0.037322    0.00849793  0.00700505  0.05868167
  0.04949472  0.0320395   0.00011484  0.06201194  0.0733808   0.069017
  0.07717042  0.08164906  0.02273771  0.0021819   0.08245292  0.11449242
  0.05431787  0.11173633]
[ 0.00577879  0.00618196  0.11275366  0.0099449   0.0071227   0.02996909
  0.02351834  0.00309098  0.00013439  0.00806343  0.08587555  0.0795592
  0.09918022  0.09555167  0.03198495  0.05389061  0.02768445  0.13398737
  0.05496573  0.13076199]
[ 0.03404158  0.04363719  0.0958419   0.00845328  0.02067626  0.02547407
  0.01999086  0.00354124  0.00057117  0.07996345  0.0729952   0.06774046
  0.08453279  0.07310944  0.02273247  0.06122915  0.08556089  0.08156271
  0.01793466  0.10041124]
[ 0.04303732  0.01638279  0.076453    0.00871148  0.00637108  0.01807307
  0.08932519  0.00611104  0.00052009  0.00780133  0.08308412  0.07710311
  0.09569627  0.09244572  0.03198544  0.01911325  0.02678455  0.12963204
  0.04485763  0.12651151]
[ 0.04033233  0.01903323  0.08776435  0.01117825  0.00438066  0.0336858
  0.02643505  0.00317221  0.00015106  0.00906344  0.09652568  0.08957704
  0.11117825  0.10740181  0.0305136   0.03172205  0.03564955  0.06601208
  0.04969789  0.14652568]
[ 0.04437653  0.01540342  0.07200489  0.00806846  0.00684597  0.01894866
  0.08398533  0.01356968  0.0007335   0.03863081  0.07787286  0.07249389
  0.08826406  0.07909535  0.02811736  0.02579462  0.02518337  0.12188264
  0.05782396  0.12090465]
[ 0.03974205  0.01694661  0.05173965  0.04829034  0.03989202  0.03329334
  0.02624475  0.04364127  0.00239952  0.0089982   0.09583083  0.01214757
  0.11307738  0.09688062  0.00164967  0.03224355  0.07423515  0.09778044
  0.02384523  0.14112178]
[ 0.06575829  0.01762441  0.04443128  0.00947867  0.00399882  0.05672393
  0.12188981  0.02577014  0.          0.00918246  0.10278436  0.07953199
  0.0833827   0.09789692  0.02947275  0.0311019   0.03554502  0.07064573
  0.01318128  0.10159953]
[ 0.04623026  0.01604687  0.10646969  0.00038207  0.0052216   0.02840041
  0.0710647   0.00560367  0.          0.00776872  0.09462557  0.06635252
  0.08800306  0.08239939  0.02534386  0.01872134  0.02623535  0.12697402
  0.06023943  0.12391747]
[ 0.0410691   0.01382008  0.04445893  0.04354628  0.00795306  0.02894394
  0.02490222  0.0029987   0.01707953  0.00782269  0.0833116   0.09400261
  0.09804433  0.09269883  0.02998696  0.01929596  0.09947849  0.08683181
  0.05332464  0.11043025]
[ 0.04295813  0.05097879  0.11378467  0.00897227  0.00829255  0.03031539
  0.0237901   0.0031267   0.00013594  0.00815661  0.08659598  0.08061446
  0.10005438  0.09665579  0.02637303  0.02854812  0.01930397  0.12901033
  0.04472539  0.0976074 ]
[ 0.05286921  0.01602097  0.03903292  0.01077775  0.01325371  0.05112147
  0.13719779  0.00669968  0.          0.04631518  0.10107777  0.0805418
  0.08316341  0.09394116  0.0289834   0.0212642   0.0351005   0.06976405
  0.01296242  0.09991261]
[ 0.04483142  0.01160924  0.07261949  0.00815117  0.02284797  0.01914289
  0.11633938  0.00580462  0.00049401  0.00741015  0.07891812  0.073237
  0.09089786  0.07916512  0.024577    0.00197604  0.09423243  0.08818081
  0.05100655  0.10855873]
[ 0.04917184  0.01526915  0.11037785  0.00957557  0.00582298  0.0619824
  0.02264493  0.00284679  0.0001294   0.00776398  0.09096791  0.07673395
  0.0952381   0.09200311  0.02717391  0.02717391  0.02665631  0.10623706
  0.04464286  0.12758799]
[ 0.03732639  0.0297619   0.04278274  0.00818452  0.00322421  0.02765377
  0.08519345  0.0374504   0.00272817  0.07093254  0.07924107  0.07353671
  0.12301587  0.07998512  0.02864583  0.00198413  0.09238591  0.08854167
  0.01847718  0.06894841]
[ 0.05249458  0.01822126  0.08503254  0.00954447  0.00824295  0.02227043
  0.02516269  0.00520607  0.00231381  0.00867679  0.12942878  0.12277657
  0.10889371  0.11655821  0.00159074  0.03109183  0.14548084  0.01966739
  0.0253073   0.06203905]
[ 0.04250988  0.01472877  0.12046462  0.04047419  0.0031134   0.02670339
  0.0822656   0.0046701   0.          0.06849479  0.07651778  0.07100946
  0.09052808  0.07735601  0.00131721  0.02562567  0.0246677   0.09435996
  0.02287151  0.11232188]
[ 0.03225463  0.06791569  0.10687673  0.04875452  0.0060677   0.05088354
  0.06887375  0.00415159  0.00596125  0.00308708  0.1088993   0.06301895
  0.07153502  0.09953162  0.02097083  0.02246115  0.02544177  0.0685544
  0.0177773   0.10698318]
[ 0.0373876   0.01407951  0.03170847  0.00828206  0.06732134  0.02591103
  0.11157123  0.00414103  0.01893043  0.00662565  0.07560341  0.07394699
  0.06436346  0.07654993  0.02342641  0.01348793  0.08495031  0.1113346
  0.0389257   0.11145291]
[ 0.05578782  0.01515547  0.11444996  0.00862294  0.00339692  0.04585837
  0.12215835  0.00496472  0.          0.00810034  0.08858113  0.06806898
  0.07355631  0.08426966  0.02599948  0.01907499  0.09837993  0.06232036
  0.01162791  0.08962634]
[ 0.03919793  0.01371281  0.10827943  0.00957309  0.00789133  0.02833118
  0.02263907  0.00504528  0.00413972  0.0072445   0.08266494  0.01034929
  0.08693402  0.08369987  0.02561449  0.01060802  0.09495472  0.12018111
  0.1087969   0.1301423 ]
[ 0.04594993  0.0173785   0.03946981  0.01104566  0.0083947   0.03254786
  0.1011782   0.00324006  0.00014728  0.00883652  0.09410898  0.08792342
  0.02415317  0.10471281  0.02444772  0.02164948  0.10574374  0.14683358
  0.06966127  0.05257732]
[ 0.04547417  0.01640524  0.12044899  0.01064901  0.00877824  0.03180314
  0.0205785   0.01251979  0.02777378  0.00863434  0.09195568  0.01223198
  0.0874946   0.10692186  0.02791769  0.03036408  0.02964455  0.13656641
  0.04734494  0.12649302]
[ 0.04219458  0.07416018  0.07044054  0.01139138  0.02150413  0.00313844
  0.07962339  0.07985586  0.00046495  0.00325468  0.02964082  0.06892944
  0.08555155  0.10426595  0.02313147  0.00232477  0.0865977   0.0829943
  0.01731954  0.11321632]
[ 0.04294567  0.01815824  0.12163136  0.01412307  0.00821444  0.0321372
  0.13575443  0.00562041  0.00576452  0.00864678  0.10923764  0.01080847
  0.10015852  0.09972619  0.01066436  0.10477014  0.02867848  0.0632656
  0.00389105  0.07580343]
[ 0.03565733  0.07177033  0.03030303  0.00797448  0.00307587  0.05525177
  0.07826384  0.00364548  0.05878332  0.03372067  0.0726817   0.06755525
  0.06288448  0.07370699  0.02437913  0.03896104  0.08088403  0.05547961
  0.03041695  0.11460469]
[ 0.04075904  0.01055468  0.06781945  0.06490007  0.00640018  0.017404
  0.07713901  0.06276667  0.0938693   0.00673703  0.07130025  0.06658433
  0.01796542  0.07983382  0.02178307  0.02357961  0.02313047  0.10655738
  0.02975522  0.11116102]
[ 0.03882861  0.01438096  0.10942607  0.02640868  0.0079749   0.02915414
  0.02287881  0.01137404  0.00013074  0.00679827  0.11700876  0.09426069
  0.09622173  0.08484769  0.00875931  0.00209178  0.09635246  0.08497843
  0.02078703  0.12733691]
[ 0.03343023  0.01408766  0.0938059   0.06473614  0.00637299  0.01777728
  0.10722272  0.00424866  0.00011181  0.00682021  0.08474955  0.05825134
  0.0772585   0.07211538  0.05076029  0.01833631  0.08530859  0.08161896
  0.01777728  0.1052102 ]
[ 0.00565127  0.08573398  0.10916609  0.01130255  0.02136458  0.03059959
  0.09028256  0.0049621   0.          0.07911785  0.03363198  0.00992419
  0.09634735  0.08835286  0.0015162   0.02963473  0.07029635  0.05458305
  0.05637491  0.12115782]
[ 0.04046556  0.01488699  0.11327649  0.0089322   0.00378942  0.02151847
  0.02530789  0.00311274  0.00013534  0.00812018  0.08593856  0.0805251
  0.09960752  0.09568277  0.03112735  0.02855596  0.01055623  0.1349303
  0.06184869  0.13168223]
[ 0.03717056  0.01367479  0.10405271  0.00820487  0.01553953  0.02772253
  0.02175535  0.03418697  0.0160368   0.01939334  0.11126305  0.09062655
  0.09149677  0.07968672  0.02473894  0.00198906  0.09286425  0.08888613
  0.02747389  0.0932372 ]
[ 0.04157975  0.05103602  0.11639549  0.01098595  0.00848283  0.03087192
  0.02377972  0.00319844  0.07133917  0.00834376  0.01515784  0.07356418
  0.10235016  0.09887359  0.03198442  0.02044222  0.02864692  0.06299541
  0.06577667  0.13419552]
[ 0.03921826  0.08158447  0.10978489  0.00131165  0.00826338  0.09640609
  0.00616474  0.00406611  0.00013116  0.00813221  0.08381427  0.07778069
  0.0293809   0.0840766   0.02610178  0.00209864  0.09771773  0.09548793
  0.02059286  0.12788562]
[ 0.05908399  0.00857894  0.11678428  0.00913242  0.00788709  0.03085651
  0.09506019  0.00650339  0.00456621  0.0083022   0.08841843  0.08205341
  0.09851944  0.09838107  0.00525806  0.02034039  0.02850422  0.10253217
  0.06544901  0.06378857]
[ 0.11717122  0.01446256  0.03284716  0.00808923  0.00698615  0.02733178
  0.11557789  0.00281897  0.00392205  0.00294154  0.07831842  0.08052457
  0.08432406  0.07929893  0.02818973  0.01005025  0.09192303  0.05159946
  0.04032357  0.12329942]
[-178.16  -20.9     5.16   54.26  -46.79  109.52  -17.25  -40.45 -169.49
 -185.45 -183.89 -197.79   60.87 -248.37   87.41  -30.99  -12.47  -63.84
   40.43  -14.61 -125.62   11.46    5.45  -82.51   23.69   14.11    5.19
  -34.74  -67.02  -79.58  -59.27 -102.45   13.73   20.93  -99.11   62.09
  -55.42   44.91    3.41 -109.05  -96.03   31.09 -103.1   -18.14  -70.29
   11.67  -35.13   39.13   36.3    -1.26]
