[ 0.10098743  0.02053411  0.05094255  0.01256732  0.00022442  0.00864004
  0.11063734  0.03882406  0.06238779  0.11153501  0.01368941  0.0162702
  0.09526481  0.04521993  0.01582136  0.0040395   0.11478905  0.06777379
  0.02670557  0.08314632]
[ 0.09053818  0.01311444  0.09724111  0.00582864  0.02836604  0.0572178
  0.08354381  0.00874296  0.00378861  0.08189236  0.01146299  0.00281718
  0.08237808  0.05780066  0.0136973   0.05323489  0.09626967  0.03264037
  0.0821838   0.09724111]
[ 0.08485381  0.02011431  0.05056056  0.05847439  0.00021983  0.0084634
  0.10837547  0.00989228  0.00450648  0.10925478  0.03495274  0.07210376
  0.09331721  0.04429545  0.02253242  0.00571554  0.1124423   0.06638822
  0.0261596   0.06737745]
[ 0.08760781  0.00624149  0.10962324  0.01316387  0.03654108  0.01259646
  0.10099864  0.01021335  0.00510667  0.09827508  0.00692238  0.01645483
  0.0382433   0.04573309  0.01600091  0.00419882  0.11609169  0.09714026
  0.07251475  0.10633227]
[ 0.10444536  0.01553818  0.10032929  0.09106812  0.0339576   0.02850381
  0.08715785  0.01625849  0.01944845  0.09991768  0.00421898  0.00174933
  0.03879399  0.04352747  0.04743774  0.00370447  0.10187281  0.06132949
  0.02449064  0.07625026]
[ 0.10783609  0.01569614  0.12017733  0.00718907  0.00395399  0.07248982
  0.04193626  0.01078361  0.00455308  0.10004793  0.06206566  0.00347472
  0.04025881  0.01090343  0.01593578  0.01965013  0.10699736  0.07009346
  0.07332854  0.1126288 ]
[ 0.10885246  0.01978142  0.05398907  0.00568306  0.00021858  0.03748634
  0.03825137  0.01737705  0.06808743  0.08513661  0.06185792  0.05857923
  0.09289617  0.00994536  0.01497268  0.00393443  0.0936612   0.10797814
  0.09420765  0.02710383]
[ 0.08809906  0.01276113  0.09216372  0.0147462   0.00340297  0.00869647
  0.03317894  0.02022876  0.00368655  0.07288023  0.07807921  0.04811419
  0.08327819  0.04130825  0.06163153  0.02760185  0.09367615  0.06919369
  0.05577087  0.09150203]
[ 0.0632597   0.05528689  0.06456672  0.02457195  0.00039211  0.04979741
  0.06665795  0.02025879  0.01450791  0.10168605  0.0070579   0.05345706
  0.10900536  0.03672723  0.00156842  0.03855705  0.05332636  0.06247549
  0.04313162  0.13370801]
[ 0.10757141  0.0151853   0.10353616  0.03355633  0.00339811  0.0644579
  0.03716683  0.00870766  0.00477859  0.10279282  0.00530955  0.00860147
  0.08378464  0.02962727  0.01486673  0.00807051  0.10523521  0.07093554
  0.08962515  0.10279282]
[ 0.04296236  0.02526596  0.04644026  0.00531915  0.00020458  0.00787643
  0.08786825  0.00900164  0.00460311  0.10331424  0.00552373  0.09339198
  0.08684534  0.0412234   0.04060966  0.05605565  0.09155074  0.08756137
  0.06035188  0.10403028]
[ 0.09675339  0.01967319  0.04192647  0.00473017  0.00709525  0.00827779
  0.10599871  0.03730381  0.00483767  0.10696624  0.0341862   0.01558805
  0.09127069  0.04332402  0.01687809  0.05891206  0.10911632  0.09202322
  0.0255859   0.07955278]
[ 0.12281819  0.01821888  0.06204612  0.00764429  0.00407695  0.07707988
  0.03656517  0.01044719  0.00484138  0.10638298  0.00751688  0.0239521
  0.10612817  0.05185374  0.01745445  0.06574086  0.03631036  0.04446426
  0.10982291  0.08663524]
[ 0.12966055  0.0187813   0.13508625  0.00834725  0.00445186  0.01279911
  0.01307735  0.0114079   0.0006956   0.13480801  0.00751252  0.01238175
  0.13647746  0.03881469  0.02170284  0.01099054  0.065665    0.04869226
  0.04646633  0.14218141]
[ 0.10179844  0.02069902  0.05135166  0.00588169  0.00022622  0.00870942
  0.09704785  0.01017984  0.00418505  0.1122045   0.00701278  0.01640086
  0.09602986  0.04603552  0.01594842  0.01854994  0.11186517  0.09682163
  0.06582966  0.11322249]
[ 0.09889643  0.00074278  0.10345925  0.00466893  0.00339559  0.06419779
  0.00912564  0.03586587  0.00413837  0.06143888  0.0061545   0.04721986
  0.09348472  0.04318761  0.06876061  0.00466893  0.09136248  0.08924024
  0.09104414  0.07894737]
[ 0.10952746  0.01611665  0.11029492  0.02072141  0.03618024  0.04089464
  0.09286262  0.01644557  0.02072141  0.10678654  0.00438548  0.02982129
  0.04067536  0.05120053  0.01721302  0.00394694  0.10865037  0.06622081
  0.02609363  0.08124109]
[ 0.09816754  0.01450698  0.10940227  0.02050611  0.0034904   0.0659904
  0.04166667  0.00981675  0.01821553  0.09096859  0.06173647  0.00316318
  0.09249564  0.01123473  0.07766143  0.0039267   0.10787522  0.06588133
  0.02246946  0.08082461]
[ 0.13011864  0.01824212  0.05906366  0.00714377  0.01148106  0.04350045
  0.11009057  0.02831994  0.03125399  0.12374027  0.00714377  0.00216864
  0.04732747  0.02130374  0.02615129  0.00051027  0.12641919  0.0811328
  0.03036102  0.09452736]
[ 0.13019497  0.02757825  0.05938943  0.00769625  0.          0.07657773
  0.04489482  0.00025654  0.00166752  0.12493586  0.00692663  0.00936378
  0.10941508  0.03578758  0.01795793  0.0101334   0.06080041  0.11056952
  0.03463315  0.13122114]
[ 0.12031344  0.01627486  0.11754069  0.00723327  0.0039783   0.01109102
  0.01084991  0.03303195  0.00470163  0.10066305  0.00699216  0.02278481
  0.10669078  0.0490657   0.01651597  0.00048222  0.07052441  0.10765521
  0.10391802  0.08969259]
[ 0.099477    0.01611698  0.10395987  0.00651083  0.00789839  0.03725051
  0.09040453  0.09883659  0.02017291  0.09648842  0.03202049  0.00565695
  0.03959868  0.0451489   0.02188067  0.00384246  0.10577436  0.06446793
  0.02540292  0.07909062]
[ 0.08300638  0.02832271  0.02918097  0.00637567  0.00024522  0.04622364
  0.10568906  0.02292791  0.01360961  0.099436    0.06939676  0.00110348
  0.10421775  0.03837666  0.01716528  0.03616969  0.05787151  0.07430113
  0.04095145  0.12542913]
[ 0.12844983  0.02153727  0.06370905  0.00670622  0.00012897  0.01405726
  0.03688419  0.01160691  0.00593242  0.04268765  0.00696415  0.06744906
  0.10936291  0.03546557  0.0176683   0.00464277  0.12754707  0.07583183
  0.09878772  0.12458086]
[ 0.08902468  0.02000959  0.11646298  0.00730889  0.00886652  0.07153127
  0.10100647  0.0227654   0.02264558  0.1159837   0.00479272  0.00107836
  0.01377906  0.05260005  0.02456266  0.00431344  0.08806614  0.07260963
  0.04001917  0.12257369]
[ 0.12860792  0.01826309  0.12452107  0.00779055  0.0045977   0.07726692
  0.00996169  0.01507024  0.00153257  0.1238825   0.00689655  0.01136654
  0.05938697  0.03563218  0.08326948  0.04278416  0.06028097  0.06079183
  0.03243934  0.09565773]
[ 0.09827873  0.01676846  0.10816213  0.00677401  0.06507496  0.05030539
  0.09383676  0.01754581  0.02098834  0.07940033  0.00444198  0.008995
  0.04119933  0.0469739   0.02276513  0.00399778  0.11004997  0.06729595
  0.02642976  0.11071627]
[ 0.07248943  0.01957313  0.02399921  0.0053113   0.00550802  0.09668535
  0.09373463  0.02458936  0.00540966  0.07681715  0.08084981  0.00403265
  0.0834071   0.04593292  0.02645815  0.00354087  0.0972755   0.0649159
  0.09894758  0.07052228]
[ 0.11317547  0.01833637  0.11827565  0.02295082  0.00898604  0.04238009
  0.10285367  0.0191864   0.00740741  0.11778992  0.00485732  0.00303582
  0.04505161  0.04942319  0.01712204  0.00437158  0.12034001  0.07334548
  0.02890103  0.08221008]
[ 0.10678781  0.0161411   0.10411545  0.00331374  0.00791021  0.0364511
  0.09053982  0.01475147  0.02693747  0.10283271  0.00470337  0.02918226
  0.03965794  0.04521646  0.04927846  0.05900588  0.10422234  0.0645644
  0.02202031  0.07236772]
[ 0.06289552  0.01950149  0.1299238   0.00736149  0.04261914  0.04429808
  0.11042232  0.02040553  0.02440914  0.09634509  0.00309957  0.00219553
  0.04791425  0.05191786  0.01821     0.00464936  0.11145551  0.07800594
  0.03280382  0.09156658]
[ 0.10125737  0.01669078  0.05051741  0.00578614  0.10003338  0.00856793
  0.09547124  0.03850006  0.0043396   0.11060421  0.00489596  0.02325581
  0.09446979  0.04484255  0.01568933  0.00400579  0.10314899  0.06720819
  0.0264827   0.08423278]
[ 0.09997857  0.01618088  0.10415774  0.00610802  0.01135877  0.03054008
  0.09044149  0.07179597  0.02025289  0.10715817  0.02486069  0.01210887
  0.09097728  0.0294685   0.0151093   0.00064295  0.10951565  0.06472353
  0.02550364  0.06911702]
[ 0.12740943  0.02501709  0.06206425  0.00710868  0.00027341  0.04771018
  0.11729323  0.01230349  0.00615174  0.09213944  0.00847573  0.01982228
  0.01544771  0.05618592  0.01927546  0.00546822  0.12617908  0.11784005
  0.03253589  0.1012987 ]
[ 0.0992724   0.01505033  0.07166351  0.01235921  0.00478421  0.09697997
  0.04764278  0.00817303  0.01106349  0.08322536  0.00578092  0.06986943
  0.08781023  0.04056613  0.01365494  0.00039868  0.0858168   0.0858168
  0.08591648  0.07415529]
[ 0.11377756  0.01644536  0.11877208  0.00730905  0.00389816  0.01120721
  0.01145085  0.04093069  0.07954684  0.11865026  0.00609088  0.01084176
  0.04153977  0.03386527  0.01705445  0.04080887  0.05749787  0.1050067
  0.04068705  0.12461932]
[ 0.09535241  0.02141348  0.04820434  0.00528135  0.00384098  0.08805454
  0.07806799  0.02093336  0.00528135  0.074227    0.07893221  0.05319762
  0.09679278  0.04484348  0.01958901  0.00758594  0.0453236   0.08277319
  0.03207221  0.09823315]
[ 0.10888065  0.01625573  0.09229762  0.00654593  0.05956797  0.0660048
  0.03643901  0.0090552   0.00316387  0.10582588  0.00676413  0.02367445
  0.0939341   0.03000218  0.00141828  0.00392756  0.10768056  0.07636919
  0.07484181  0.07735108]
[ 0.11008264  0.04484848  0.05443526  0.00539945  0.00352617  0.06666667
  0.03856749  0.02137741  0.00672176  0.10644628  0.00440771  0.00628099
  0.11140496  0.04440771  0.08606061  0.00396694  0.1092011   0.06567493
  0.0262259   0.08429752]
[ 0.09950304  0.04494754  0.10756488  0.00673661  0.0012148   0.00938708
  0.09331861  0.02109332  0.04384318  0.10712314  0.00596356  0.00982882
  0.0942021   0.03081171  0.01546107  0.06880177  0.0521259   0.09497515
  0.0368857   0.05621204]
[ 0.09632459  0.02219699  0.09973157  0.00629775  0.00763989  0.03520545
  0.0874458   0.069172    0.0195127   0.10024778  0.00278753  0.00918852
  0.08951063  0.04521991  0.00702044  0.00330374  0.05172414  0.0736114
  0.07681189  0.09704728]
[ 0.12999033  0.00207211  0.03260119  0.03812681  0.00027628  0.00745959
  0.11880094  0.02348391  0.00207211  0.11631441  0.00552563  0.00234839
  0.05125017  0.09379749  0.02831883  0.01381406  0.08385136  0.11880094
  0.02845697  0.10263849]
[ 0.11592017  0.00266883  0.10002321  0.02193084  0.00858668  0.0432815
  0.09828266  0.00162451  0.0214667   0.11301926  0.03434672  0.03167788
  0.04119285  0.04676259  0.0163611   0.0041773   0.08528661  0.07008587
  0.02761662  0.11568809]
[ 0.10665812  0.01613765  0.10409319  0.00641231  0.00790852  0.0364433
  0.09009298  0.05065726  0.06123758  0.1036657   0.00427487  0.00181682
  0.04050444  0.0520466   0.02190873  0.00384739  0.09907021  0.06476435
  0.0220156   0.10644437]
[ 0.10829948  0.0183401   0.11305862  0.00708067  0.00858967  0.03958212
  0.06860128  0.02205456  0.02193848  0.1116657   0.00464306  0.0019733
  0.04306442  0.11178178  0.0163668   0.00417876  0.1131747   0.07011027
  0.02762623  0.08786999]
[ 0.09911524  0.01691119  0.05084556  0.00683167  0.06562885  0.03819017
  0.06574084  0.01769515  0.00683167  0.10874678  0.06182103  0.08791578
  0.04155001  0.04737373  0.0229589   0.00403181  0.11098667  0.03897413
  0.02665472  0.0811961 ]
[ 0.11970733  0.01619288  0.10927192  0.00527768  0.00383831  0.01055536
  0.01127504  0.07124865  0.00467794  0.09991604  0.00311863  0.02267003
  0.1056735   0.04833873  0.05529567  0.00047979  0.12270601  0.07244812
  0.02854744  0.08876095]
[ 0.12175994  0.02007178  0.04333378  0.00691214  0.00026585  0.01023528
  0.08002127  0.01196331  0.0144889   0.13212814  0.00824139  0.01714741
  0.11285391  0.05410076  0.00119633  0.0005317   0.10487837  0.04639107
  0.11458195  0.09889672]
[ 0.05267109  0.01989241  0.0898286   0.00350307  0.0092581   0.04266233
  0.10596772  0.01876642  0.02364569  0.10534217  0.02101839  0.00638058
  0.10246466  0.05041912  0.02164394  0.00450394  0.12398349  0.07556612
  0.02977605  0.09270612]
[ 0.10842533  0.01754794  0.10575247  0.0070889   0.00859965  0.03962812
  0.09843114  0.01836142  0.02196397  0.11272516  0.00511331  0.0019756
  0.1030796   0.04671702  0.00151075  0.00418361  0.11470076  0.07019175
  0.02765834  0.08634515]
[ -1.28010000e+02  -2.33390000e+02  -8.19800000e+01  -9.87000000e+01
   7.74900000e+01  -1.11950000e+02  -1.23910000e+02  -6.57900000e+01
   3.10400000e+01  -2.08460000e+02  -4.90400000e+01  -1.70090000e+02
  -1.33300000e+02  -8.96100000e+01  -9.09600000e+01  -3.92300000e+01
   4.19300000e+01  -5.16500000e+01  -5.76400000e+01  -2.10000000e-01
   1.06600000e+01   1.12300000e+02  -1.16300000e+02  -8.88900000e+01
  -4.08000000e+00  -1.07900000e+01   1.91800000e+01   9.94600000e+01
   1.05090000e+02  -1.92020000e+02  -1.50060000e+02  -6.28900000e+01
   3.91200000e+01  -4.46800000e+01  -9.74000000e+00   4.94500000e+01
  -1.53820000e+02  -1.83190000e+02  -1.20550000e+02  -2.11810000e+02
  -3.64000000e+01  -9.85300000e+01   1.75700000e+01  -1.91810000e+02
  -1.71260000e+02  -5.49000000e+01  -2.49500000e+01  -7.16100000e+01
   9.99000000e+00  -6.08100000e+01]
